# Table format: T1D
# table_unit = degC
# axis1_unit = kJ/kg/K
# axis2_unit = barA
# This file was automatically generated at init.
0.314223718682 150
2.726067219117 326.850000000000
2.670337292664 300.471453096441
2.615868355864 275.260258687331
2.562677519609 251.165594586200
2.510775208285 228.139003736802
2.460166024602 206.134310346003
2.410849535644 185.107542612872
2.362820988088 165.016862094267
2.316071959875 145.822499752985
2.270590954919 127.486698725411
2.226363946826 109.973663814641
2.183374876919 93.249517652782
2.141606111203 77.282263370390
2.101038860153 62.041753445761
2.061653564432 47.499664162786
2.023430248668 33.629474760002
1.986348844382 20.406449880012
1.950389481885 7.807623302532
1.915532749544 -4.188219853301
1.881759917207 -15.600566245361
1.849053118905 -26.447207656728
1.817395488303 -36.744290692372
1.786771239018 -46.506390078926
1.745042294416 -48.896985731872
1.701096679626 -48.896985731872
1.659088005991 -48.896985731872
1.618930901147 -48.896985731872
1.580543755589 -48.896985731872
1.543848556826 -48.896985731872
1.508770730832 -48.896985731872
1.475238990496 -48.896985731872
1.443185190751 -48.896985731872
1.412544190079 -48.896985731872
1.383253718136 -48.896985731872
1.355254249193 -48.896985731872
1.328488881171 -48.896985731872
1.302903220001 -48.896985731872
1.278445269077 -48.896985731872
1.255065323591 -48.896985731872
1.232715869517 -48.896985731872
1.211351487050 -48.896985731872
1.190928758302 -48.896985731872
1.171406179069 -48.896985731872
1.152744074479 -48.896985731872
1.134904518363 -48.896985731872
1.117851256183 -48.896985731872
1.101549631351 -48.896985731872
1.085966514797 -48.896985731872
1.071070237645 -48.896985731872
1.056830526851 -48.896985731872
1.043218443684 -48.896985731872
1.030206324908 -48.896985731872
1.017767726574 -48.896985731872
1.005877370269 -48.896985731872
0.994511091749 -48.896985731872
0.983645791831 -48.896985731872
0.973259389447 -48.896985731872
0.963330776773 -48.896985731872
0.953839776329 -48.896985731872
0.944767099976 -48.896985731872
0.936094309716 -48.896985731872
0.927803780223 -48.896985731872
0.919878663020 -48.896985731872
0.912302852244 -48.896985731872
0.905060951910 -48.896985731872
0.898138244626 -48.896985731872
0.891520661680 -48.896985731872
0.885194754453 -48.896985731872
0.879147667082 -48.896985731872
0.873367110342 -48.896985731872
0.867841336663 -48.896985731872
0.862559116260 -48.896985731872
0.857509714310 -48.896985731872
0.852682869139 -48.896985731872
0.848068771363 -48.896985731872
0.843658043955 -48.896985731872
0.839441723190 -48.896985731872
0.835411240426 -48.896985731872
0.831558404692 -48.896985731872
0.827875386041 -48.896985731872
0.824354699636 -48.896985731872
0.820989190544 -48.896985731872
0.817772019190 -48.896985731872
0.814696647458 -48.896985731872
0.811756825407 -48.896985731872
0.808946578568 -48.896985731872
0.806260195799 -48.896985731872
0.803692217686 -48.896985731872
0.801237425439 -48.896985731872
0.798890830293 -48.896985731872
0.796647663367 -48.896985731872
0.794503365972 -48.896985731872
0.792453580348 -48.896985731872
0.790494140807 -48.896985731872
0.788621065266 -48.896985731872
0.786830547156 -48.896985731872
0.785118947688 -48.896985731872
0.783482788454 -48.896985731872
0.781918744360 -48.896985731872
0.780423636868 -48.896985731872
0.778994427538 -48.896985731872
0.777628211851 -48.896985731872
0.776322213307 -48.896985731872
0.775073777784 -48.896985731872
0.773880368141 -48.896985731872
0.772739559066 -48.896985731872
0.771649032141 -48.896985731872
0.770606571138 -48.896985731872
0.769610057510 -48.896985731872
0.768657466086 -48.896985731872
0.767746860956 -48.896985731872
0.766876391539 -48.896985731872
0.766044288817 -48.896985731872
0.765248861746 -48.896985731872
0.764488493814 -48.896985731872
0.763761639760 -48.896985731872
0.763066822429 -48.896985731872
0.762402629776 -48.896985731872
0.761767711992 -48.896985731872
0.761160778760 -48.896985731872
0.760580596638 -48.896985731872
0.760025986547 -48.896985731872
0.759495821378 -48.896985731872
0.758989023699 -48.896985731872
0.758504563568 -48.896985731872
0.758041456438 -48.896985731872
0.757598761158 -48.896985731872
0.757175578057 -48.896985731872
0.756771047118 -48.896985731872
0.756384346232 -48.896985731872
0.756014689524 -48.896985731872
0.755661325756 -48.896985731872
0.755323536803 -48.896985731872
0.755000636192 -48.896985731872
0.754691967706 -48.896985731872
0.754396904052 -48.896985731872
0.754114845585 -48.896985731872
0.753845219089 -48.896985731872
0.753587476616 -48.896985731872
0.753341094366 -48.896985731872
0.753105571628 -48.896985731872
0.752880429759 -48.896985731872
0.752665211214 -48.896985731872
0.752459478613 -48.896985731872
0.752262813855 -48.896985731872
0.752074817267 -48.896985731872
0.751895106792 -48.896985731872
0.751723317213 -48.896985731872
0.751559099408 -48.896985731872
0.751402119646 -48.896985731872
5.344945753788 150
2.492373563466 326.850000000000
2.453225368639 308.330301706229
2.414794583470 290.444343941694
2.377091783307 273.174892867048
2.340126168012 256.505661787914
2.303905777635 240.421309918370
2.268437692580 224.907439977194
2.233728217378 209.950593552299
2.199783046793 195.538242940958
2.166607412480 181.658777934755
2.134206208009 168.301485784611
2.102584089649 155.456522376646
2.071745550024 143.114872506931
2.041694961617 131.268297104627
2.012436587242 119.909265368598
1.983974555040 109.030870106348
1.956312796459 98.626725146779
1.929454947001 88.690844576490
1.903404211378 79.217504731870
1.878163196956 70.201091332165
1.853733721938 61.635935772052
1.830116607324 53.516146255192
1.807311463999 45.835440936999
1.785316487994 38.586991318141
1.764128277663 31.763284559721
1.743741685918 25.356013002657
1.724149718795 19.355997898206
1.703709686534 17.847762851460
1.683377014966 17.847762851460
1.663698921110 17.847762851460
1.644654331885 17.847762851460
1.626222852630 17.847762851460
1.608384745251 17.847762851460
1.591120907095 17.847762851460
1.574412850487 17.847762851460
1.558242682931 17.847762851460
1.542593087953 17.847762851460
1.527447306556 17.847762851460
1.512789119269 17.847762851460
1.498602828785 17.847762851460
1.484873243141 17.847762851460
1.471585659461 17.847762851460
1.458725848200 17.847762851460
1.446280037913 17.847762851460
1.434234900502 17.847762851460
1.422577536948 17.847762851460
1.411295463494 17.847762851460
1.400376598278 17.847762851460
1.389809248395 17.847762851460
1.379582097371 17.847762851460
1.369684193053 17.847762851460
1.360104935869 17.847762851460
1.350834067489 17.847762851460
1.341861659828 17.847762851460
1.333178104425 17.847762851460
1.324774102143 17.847762851460
1.316640653220 17.847762851460
1.308769047624 17.847762851460
1.301150855731 17.847762851460
1.293777919292 17.847762851460
1.286642342702 17.847762851460
1.279736484542 17.847762851460
1.273052949396 17.847762851460
1.266584579932 17.847762851460
1.260324449235 17.847762851460
1.254265853394 17.847762851460
1.248402304317 17.847762851460
1.242727522787 17.847762851460
1.237235431736 17.847762851460
1.231920149737 17.847762851460
1.226775984707 17.847762851460
1.221797427809 17.847762851460
1.216979147556 17.847762851460
1.212315984099 17.847762851460
1.207802943701 17.847762851460
1.203435193391 17.847762851460
1.199208055789 17.847762851460
1.195117004095 17.847762851460
1.191157657240 17.847762851460
1.187325775199 17.847762851460
1.183617254447 17.847762851460
1.180028123566 17.847762851460
1.176554538990 17.847762851460
1.173192780891 17.847762851460
1.169939249196 17.847762851460
1.166790459730 17.847762851460
1.163743040484 17.847762851460
1.160793728007 17.847762851460
1.157939363910 17.847762851460
1.155176891481 17.847762851460
1.152503352416 17.847762851460
1.149915883647 17.847762851460
1.147411714281 17.847762851460
1.144988162627 17.847762851460
1.142642633326 17.847762851460
1.140372614575 17.847762851460
1.138175675432 17.847762851460
1.136049463217 17.847762851460
1.133991700990 17.847762851460
1.132000185113 17.847762851460
1.130072782892 17.847762851460
1.128207430291 17.847762851460
1.126402129721 17.847762851460
1.124654947904 17.847762851460
1.122964013801 17.847762851460
1.121327516605 17.847762851460
1.119743703808 17.847762851460
1.118210879322 17.847762851460
1.116727401658 17.847762851460
1.115291682175 17.847762851460
1.113902183376 17.847762851460
1.112557417260 17.847762851460
1.111255943729 17.847762851460
1.109996369048 17.847762851460
1.108777344352 17.847762851460
1.107597564198 17.847762851460
1.106455765172 17.847762851460
1.105350724532 17.847762851460
1.104281258900 17.847762851460
1.103246222998 17.847762851460
1.102244508414 17.847762851460
1.101275042423 17.847762851460
1.100336786833 17.847762851460
1.099428736874 17.847762851460
1.098549920126 17.847762851460
1.097699395472 17.847762851460
1.096876252094 17.847762851460
1.096079608495 17.847762851460
1.095308611557 17.847762851460
1.094562435627 17.847762851460
1.093840281633 17.847762851460
1.093141376228 17.847762851460
1.092464970960 17.847762851460
1.091810341473 17.847762851460
1.091176786731 17.847762851460
1.090563628267 17.847762851460
1.089970209455 17.847762851460
1.089395894809 17.847762851460
1.088840069300 17.847762851460
1.088302137701 17.847762851460
1.087781523947 17.847762851460
1.087277670516 17.847762851460
1.086790037837 17.847762851460
1.086318103709 17.847762851460
1.085861362743 17.847762851460
1.043306531450 9.021673231768
0.982089202536 -3.563077545175
0.913186301173 -17.442013797690
0.835735495984 -32.578373485317
0.748702643805 -48.873145298382
10.375667788895 150
2.435553387815 326.850000000000
2.402874380450 311.431484649344
2.370761532735 296.491774210891
2.339222653012 282.020770876962
2.308264916365 268.008958754406
2.277894959118 254.447397141177
2.248118963114 241.327711003242
2.218942728886 228.642077927249
2.190371736746 216.383210768043
2.162411194702 204.544335176959
2.135066072095 193.119161197873
2.108341117890 182.101848165831
2.082240862690 171.486962250657
2.056769603794 161.269426167570
2.031931373003 151.444460837942
2.007729887384 142.007519130132
1.984168483887 132.954212239289
1.961250039439 124.280229762027
1.938976879002 115.981255060580
1.917350674947 108.052878052466
1.896372341854 100.490508055625
1.876041931530 93.289289708519
1.856358533424 86.444025212642
1.837320185687 79.949106162485
1.818923801892 73.798458004023
1.801165117707 67.985499691100
1.784038660867 62.503120413338
1.767537746455 57.343674402174
1.751654498118 52.498993860025
1.736379894332 47.960419091164
1.721703837521 43.718844032156
1.707259492124 40.768766958659
1.692290090401 40.768766958659
1.677737508256 40.768766958659
1.663590139441 40.768766958659
1.649836700884 40.768766958659
1.636466223687 40.768766958659
1.623468044379 40.768766958659
1.610831796408 40.768766958659
1.598547401881 40.768766958659
1.586605063518 40.768766958659
1.574995256842 40.768766958659
1.563708722586 40.768766958659
1.552736459302 40.768766958659
1.542069716186 40.768766958659
1.531699986100 40.768766958659
1.521618998783 40.768766958659
1.511818714259 40.768766958659
1.502291316423 40.768766958659
1.493029206806 40.768766958659
1.484024998519 40.768766958659
1.475271510358 40.768766958659
1.466761761079 40.768766958659
1.458488963827 40.768766958659
1.450446520729 40.768766958659
1.442628017624 40.768766958659
1.435027218955 40.768766958659
1.427638062791 40.768766958659
1.420454655996 40.768766958659
1.413471269524 40.768766958659
1.406682333856 40.768766958659
1.400082434554 40.768766958659
1.393666307942 40.768766958659
1.387428836912 40.768766958659
1.381365046841 40.768766958659
1.375470101621 40.768766958659
1.369739299807 40.768766958659
1.364168070862 40.768766958659
1.358751971516 40.768766958659
1.353486682222 40.768766958659
1.348368003706 40.768766958659
1.343391853627 40.768766958659
1.338554263312 40.768766958659
1.333851374596 40.768766958659
1.329279436744 40.768766958659
1.324834803458 40.768766958659
1.320513929973 40.768766958659
1.316313370224 40.768766958659
1.312229774103 40.768766958659
1.308259884786 40.768766958659
1.304400536130 40.768766958659
1.300648650158 40.768766958659
1.297001234595 40.768766958659
1.293455380487 40.768766958659
1.290008259877 40.768766958659
1.286657123555 40.768766958659
1.283399298860 40.768766958659
1.280232187550 40.768766958659
1.277153263732 40.768766958659
1.274160071845 40.768766958659
1.271250224704 40.768766958659
1.268421401593 40.768766958659
1.265671346417 40.768766958659
1.262997865899 40.768766958659
1.260398827837 40.768766958659
1.257872159397 40.768766958659
1.255415845463 40.768766958659
1.253027927031 40.768766958659
1.250706499643 40.768766958659
1.248449711871 40.768766958659
1.246255763840 40.768766958659
1.244122905791 40.768766958659
1.242049436688 40.768766958659
1.240033702860 40.768766958659
1.238074096680 40.768766958659
1.236169055288 40.768766958659
1.234317059338 40.768766958659
1.232516631794 40.768766958659
1.230766336743 40.768766958659
1.229064778260 40.768766958659
1.227410599284 40.768766958659
1.225802480544 40.768766958659
1.224239139504 40.768766958659
1.222719329339 40.768766958659
1.221241837941 40.768766958659
1.219805486954 40.768766958659
1.218409130833 40.768766958659
1.217051655930 40.768766958659
1.215731979605 40.768766958659
1.214449049367 40.768766958659
1.213201842029 40.768766958659
1.211989362895 40.768766958659
1.210810644965 40.768766958659
1.209664748168 40.768766958659
1.208550758605 40.768766958659
1.207467787828 40.768766958659
1.206414972125 40.768766958659
1.205391471835 40.768766958659
1.204396470678 40.768766958659
1.203429175101 40.768766958659
1.202488813648 40.768766958659
1.201574636346 40.768766958659
1.200685914102 40.768766958659
1.199821938126 40.768766958659
1.198982019364 40.768766958659
1.198165487949 40.768766958659
1.197371692665 40.768766958659
1.196600000429 40.768766958659
1.195849795788 40.768766958659
1.195120480424 40.768766958659
1.194411472679 40.768766958659
1.186214418273 39.169906788425
1.149107709988 31.393400996534
1.107855838664 22.731530926901
1.062059138592 13.149284195662
1.011282630334 2.620449186435
0.955053669128 -8.867604581229
0.892853847860 -21.307459637234
0.824097315670 -34.663388017029
0.748087378864 -48.861818380750
15.406389824001 150
2.400575941773 326.850000000000
2.371945092324 313.384735558081
2.343798499363 300.314442502578
2.316142115882 287.632113818512
2.288981500728 275.331135628853
2.262321865659 263.405276991985
2.236168115100 251.848677113391
2.210524878093 240.655829579229
2.185396531959 229.821563229936
2.160787217195 219.341019322895
2.136700843222 209.209624688826
2.113141084683 199.423060670951
2.090111368196 189.977227752140
2.067614849629 180.868205924364
2.045654382282 172.092211035601
2.024232476650 163.645547557560
2.003351252783 155.524558444974
1.983012386643 147.725572991655
1.963217052203 140.244853814357
1.943965861359 133.078544293901
1.925258803973 126.222617954181
1.907095190554 119.672831344151
1.889473600076 113.424681989732
1.872391835386 107.473372891278
1.855846888360 101.813784855277
1.839834916625 96.440457672797
1.824351233122 91.347580807660
1.809390309238 86.528993858167
1.794945791603 81.978196636909
1.781010532006 77.688368305464
1.767576629361 73.652394634864
1.754635482158 69.862902164155
1.742177849471 66.312297815922
1.730193918410 62.992812408409
1.718673375780 59.896546478475
1.707605481789 57.015516889913
1.695934004132 56.341733594241
1.684242041257 56.341733594241
1.672845081676 56.341733594241
1.661735682075 56.341733594241
1.650906586945 56.341733594241
1.640350723844 56.341733594241
1.630061198774 56.341733594241
1.620031291685 56.341733594241
1.610254452080 56.341733594241
1.600724294739 56.341733594241
1.591434595552 56.341733594241
1.582379287450 56.341733594241
1.573552456443 56.341733594241
1.564948337759 56.341733594241
1.556561312080 56.341733594241
1.548385901869 56.341733594241
1.540416767796 56.341733594241
1.532648705247 56.341733594241
1.525076640929 56.341733594241
1.517695629553 56.341733594241
1.510500850608 56.341733594241
1.503487605210 56.341733594241
1.496651313033 56.341733594241
1.489987509319 56.341733594241
1.483491841962 56.341733594241
1.477160068665 56.341733594241
1.470988054169 56.341733594241
1.464971767555 56.341733594241
1.459107279606 56.341733594241
1.453390760248 56.341733594241
1.447818476041 56.341733594241
1.442386787747 56.341733594241
1.437092147950 56.341733594241
1.431931098739 56.341733594241
1.426900269453 56.341733594241
1.421996374473 56.341733594241
1.417216211085 56.341733594241
1.412556657381 56.341733594241
1.408014670222 56.341733594241
1.403587283254 56.341733594241
1.399271604966 56.341733594241
1.395064816803 56.341733594241
1.390964171329 56.341733594241
1.386966990425 56.341733594241
1.383070663547 56.341733594241
1.379272646019 56.341733594241
1.375570457368 56.341733594241
1.371961679709 56.341733594241
1.368443956162 56.341733594241
1.365014989314 56.341733594241
1.361672539719 56.341733594241
1.358414424436 56.341733594241
1.355238515601 56.341733594241
1.352142739039 56.341733594241
1.349125072911 56.341733594241
1.346183546388 56.341733594241
1.343316238371 56.341733594241
1.340521276231 56.341733594241
1.337796834589 56.341733594241
1.335141134120 56.341733594241
1.332552440398 56.341733594241
1.330029062755 56.341733594241
1.327569353182 56.341733594241
1.325171705253 56.341733594241
1.322834553071 56.341733594241
1.320556370251 56.341733594241
1.318335668920 56.341733594241
1.316170998746 56.341733594241
1.314060945990 56.341733594241
1.312004132586 56.341733594241
1.309999215234 56.341733594241
1.308044884532 56.341733594241
1.306139864112 56.341733594241
1.304282909813 56.341733594241
1.302472808865 56.341733594241
1.300708379096 56.341733594241
1.298988468165 56.341733594241
1.297311952803 56.341733594241
1.295677738085 56.341733594241
1.294084756711 56.341733594241
1.292531968310 56.341733594241
1.291018358762 56.341733594241
1.289542939534 56.341733594241
1.288104747034 56.341733594241
1.286702841985 56.341733594241
1.285336308808 56.341733594241
1.284004255024 56.341733594241
1.282705810674 56.341733594241
1.281440127748 56.341733594241
1.280206379634 56.341733594241
1.279003760575 56.341733594241
1.277831485145 56.341733594241
1.276688787736 56.341733594241
1.275574922054 56.341733594241
1.274489160640 56.341733594241
1.273430794386 56.341733594241
1.272399132076 56.341733594241
1.271393499936 56.341733594241
1.270413241191 56.341733594241
1.269457715638 56.341733594241
1.268526299227 56.341733594241
1.267618383651 56.341733594241
1.250786294475 52.968328039862
1.223409329153 47.305440898947
1.193236559271 40.993736292039
1.160022837539 34.000715726325
1.123500553822 26.295685965529
1.083379063442 17.851116659768
1.039344299618 8.644521492088
0.991057999004 -1.338969171422
0.938155050605 -12.103167961072
0.880235924126 -23.636394396141
0.816849447096 -35.906082363048
0.747462656086 -48.852861232215
20.437111859107 150
2.374792278039 326.850000000000
2.349134806172 314.825278627717
2.323904922043 303.139017628566
2.299107170193 291.785913324050
2.274745806277 280.760937617724
2.250824821462 270.059326864977
2.227347961647 259.676568728385
2.204318741243 249.608386832110
2.181740451356 239.850723056870
2.159616162194 230.399717358071
2.137948719650 221.251685044855
2.116740736091 212.403091527796
2.095994575490 203.850524627510
2.075712333198 195.590664634087
2.055895810821 187.620252415407
2.036546486808 179.936055986760
2.017665483571 172.534836069219
1.999253532103 165.413311272898
1.981310935226 158.568123635704
1.963837530710 151.995805320246
1.946832655621 145.692747313284
1.930295113219 139.655170976886
1.914223143776 133.879103263746
1.898614400504 128.360356329191
1.883465931694 123.094512150918
1.868774169896 118.076912609664
1.854534928737 113.302655298143
1.840743407673 108.766595122930
1.827394204660 104.463351556976
1.814481336444 100.387321202350
1.801998265881 96.532695145724
1.789937935479 92.893480443119
1.778292806171 89.463524962957
1.767054900210 86.236544751188
1.756215846998 83.206153059734
1.745766930711 80.365890196884
1.735699138553 77.709253410400
1.726003208655 75.229726093778
1.716669676687 72.920805705585
1.707688920425 70.776029902894
1.699051201692 68.789000505104
1.689516848166 68.442585710710
1.679945322942 68.442585710710
1.670597294192 68.442585710710
1.661467543241 68.442585710710
1.652550973272 68.442585710710
1.643842606478 68.442585710710
1.635337581286 68.442585710710
1.627031149640 68.442585710710
1.618918674353 68.442585710710
1.610995626516 68.442585710710
1.603257582972 68.442585710710
1.595700223843 68.442585710710
1.588319330124 68.442585710710
1.581110781321 68.442585710710
1.574070553157 68.442585710710
1.567194715321 68.442585710710
1.560479429275 68.442585710710
1.553920946112 68.442585710710
1.547515604462 68.442585710710
1.541259828450 68.442585710710
1.535150125696 68.442585710710
1.529183085370 68.442585710710
1.523355376282 68.442585710710
1.517663745030 68.442585710710
1.512105014176 68.442585710710
1.506676080477 68.442585710710
1.501373913151 68.442585710710
1.496195552185 68.442585710710
1.491138106683 68.442585710710
1.486198753252 68.442585710710
1.481374734426 68.442585710710
1.476663357124 68.442585710710
1.472061991151 68.442585710710
1.467568067728 68.442585710710
1.463179078055 68.442585710710
1.458892571914 68.442585710710
1.454706156300 68.442585710710
1.450617494086 68.442585710710
1.446624302715 68.442585710710
1.442724352930 68.442585710710
1.438915467526 68.442585710710
1.435195520138 68.442585710710
1.431562434049 68.442585710710
1.428014181037 68.442585710710
1.424548780237 68.442585710710
1.421164297037 68.442585710710
1.417858842001 68.442585710710
1.414630569810 68.442585710710
1.411477678233 68.442585710710
1.408398407122 68.442585710710
1.405391037429 68.442585710710
1.402453890245 68.442585710710
1.399585325865 68.442585710710
1.396783742871 68.442585710710
1.394047577238 68.442585710710
1.391375301461 68.442585710710
1.388765423704 68.442585710710
1.386216486962 68.442585710710
1.383727068256 68.442585710710
1.381295777829 68.442585710710
1.378921258380 68.442585710710
1.376602184297 68.442585710710
1.374337260924 68.442585710710
1.372125223832 68.442585710710
1.369964838122 68.442585710710
1.367854897724 68.442585710710
1.365794224734 68.442585710710
1.363781668752 68.442585710710
1.361816106237 68.442585710710
1.359896439887 68.442585710710
1.358021598018 68.442585710710
1.356190533973 68.442585710710
1.354402225534 68.442585710710
1.352655674351 68.442585710710
1.350949905386 68.442585710710
1.349283966369 68.442585710710
1.347656927265 68.442585710710
1.346067879754 68.442585710710
1.344515936729 68.442585710710
1.343000231794 68.442585710710
1.341519918784 68.442585710710
1.340074171294 68.442585710710
1.338662182212 68.442585710710
1.337283163277 68.442585710710
1.335936344629 68.442585710710
1.334620974388 68.442585710710
1.333336318229 68.442585710710
1.332081658974 68.442585710710
1.330856296191 68.442585710710
1.329659545803 68.442585710710
1.328490739706 68.442585710710
1.327349225398 68.442585710710
1.326234365610 68.442585710710
1.319437679932 67.270869052373
1.300168490091 63.480018603333
1.279040381674 59.223755512473
1.255905972783 54.475694282540
1.230604096256 49.209220889444
1.202958824479 43.397801632329
1.172778624327 37.015419374209
1.139855690867 30.037178851032
1.103965494740 22.440138483657
1.064866512135 14.204444062760
1.022299930474 5.314856963047
0.975988747101 -4.237219911727
0.925634997524 -14.451123401448
0.870912863270 -25.313672210625
0.811454652931 -36.795349584644
0.746828495156 -48.846265269134
25.467833894214 150
2.354110135335 326.850000000000
2.330800187779 315.965762188202
2.307873956149 305.377791668885
2.285334879952 295.081845876078
2.263186166880 285.073879496528
2.241430805559 275.350033782063
2.220071574643 265.906624393170
2.199111048142 256.740127700694
2.178551596987 247.847165500436
2.158395386789 239.224488130594
2.138644371892 230.868956024469
2.119300285829 222.777519780273
2.100364628407 214.947198885188
2.081838649711 207.375059290638
2.063723331423 200.058190097700
2.046019365948 192.993679673040
2.028727133912 186.178591573359
2.011846680693 179.609940706376
1.995377692716 173.284670195107
1.979319474265 167.199629436038
1.963670925611 161.351553847452
1.948430523239 155.737046789645
1.933596302899 150.352564102658
1.919165846163 145.194401649981
1.905136271052 140.258686180000
1.891504227169 135.541369724142
1.878265895632 131.038227646135
1.865416993943 126.744860346004
1.852952785768 122.656698511366
1.840868095433 118.769011703199
1.829157326812 115.076919969069
1.817814486158 111.575408098353
1.806833208311 108.259342074700
1.796206785665 105.123487242586
1.785928199237 102.162527687880
1.775990151148 99.371086335803
1.766385097873 96.743745291393
1.757105283621 94.275065984650
1.748142773305 91.959608731303
1.739489484586 89.791951377011
1.731137218592 87.766706754004
1.723077688975 85.878538741495
1.715302549054 84.122176781731
1.707803416881 82.492428760128
1.700571898118 80.984192208880
1.693599606693 79.592463837662
1.686712894666 78.442150494210
1.678632523961 78.442150494210
1.670728919500 78.442150494210
1.662998214345 78.442150494210
1.655436626149 78.442150494210
1.648040455308 78.442150494210
1.640806083150 78.442150494210
1.633729970168 78.442150494210
1.626808654281 78.442150494210
1.620038749148 78.442150494210
1.613416942507 78.442150494210
1.606939994552 78.442150494210
1.600604736355 78.442150494210
1.594408068310 78.442150494210
1.588346958617 78.442150494210
1.582418441802 78.442150494210
1.576619617261 78.442150494210
1.570947647845 78.442150494210
1.565399758471 78.442150494210
1.559973234762 78.442150494210
1.554665421724 78.442150494210
1.549473722440 78.442150494210
1.544395596804 78.442150494210
1.539428560280 78.442150494210
1.534570182681 78.442150494210
1.529818086984 78.442150494210
1.525169948164 78.442150494210
1.520623492061 78.442150494210
1.516176494263 78.442150494210
1.511826779019 78.442150494210
1.507572218175 78.442150494210
1.503410730134 78.442150494210
1.499340278833 78.442150494210
1.495358872753 78.442150494210
1.491464563940 78.442150494210
1.487655447053 78.442150494210
1.483929658432 78.442150494210
1.480285375190 78.442150494210
1.476720814312 78.442150494210
1.473234231792 78.442150494210
1.469823921776 78.442150494210
1.466488215724 78.442150494210
1.463225481602 78.442150494210
1.460034123073 78.442150494210
1.456912578725 78.442150494210
1.453859321302 78.442150494210
1.450872856960 78.442150494210
1.447951724532 78.442150494210
1.445094494817 78.442150494210
1.442299769879 78.442150494210
1.439566182363 78.442150494210
1.436892394826 78.442150494210
1.434277099083 78.442150494210
1.431719015568 78.442150494210
1.429216892706 78.442150494210
1.426769506300 78.442150494210
1.424375658936 78.442150494210
1.422034179393 78.442150494210
1.419743922073 78.442150494210
1.417503766438 78.442150494210
1.415312616462 78.442150494210
1.413169400099 78.442150494210
1.411073068751 78.442150494210
1.409022596762 78.442150494210
1.407016980912 78.442150494210
1.405055239929 78.442150494210
1.403136414004 78.442150494210
1.401259564329 78.442150494210
1.399423772630 78.442150494210
1.397628140723 78.442150494210
1.395871790071 78.442150494210
1.394153861359 78.442150494210
1.392473514067 78.442150494210
1.390829926063 78.442150494210
1.389222293202 78.442150494210
1.387649828929 78.442150494210
1.386111763894 78.442150494210
1.384607345581 78.442150494210
1.383135837933 78.442150494210
1.381696520997 78.442150494210
1.380288690567 78.442150494210
1.378911657846 78.442150494210
1.377564749102 78.442150494210
1.376247305343 78.442150494210
1.369170721283 77.311181295246
1.355010498716 74.733127520545
1.339549521575 71.815637749085
1.322693015309 68.538155701704
1.304338207193 64.879661418856
1.284373485595 60.818722453685
1.262677577689 56.333585423326
1.239118760645 51.402317605695
1.213554127669 46.003011923451
1.185828937691 40.114073902980
1.155776082685 33.714616220240
1.123215702818 26.784995237867
1.087954952705 19.307534113303
1.049787846821 11.267487528611
1.008494947338 2.654311489658
0.963842346978 -6.536696673090
0.915578896068 -16.302336460710
0.863429990213 -26.629012012324
0.807085958263 -37.489896696480
0.746184915939 -48.842021861932
30.498555929320 150
2.336681371188 326.850000000000
2.315302133526 316.905540126663
2.294270503149 307.223949670684
2.273589043465 297.801702950245
2.253260122804 288.635417535269
2.233285920969 279.721844604436
2.213668433213 271.057858266719
2.194409471623 262.640443832670
2.175510663959 254.466685043246
2.156973449989 246.533750290423
2.138799075434 238.838877893762
2.120988583686 231.379360529861
2.103542805471 224.152528946525
2.086462346747 217.155735129051
2.069747575113 210.386335121136
2.053398605104 203.841671735586
2.037415282769 197.519057418591
2.021797169974 191.415757553877
2.006543528900 185.528974507673
1.991653307212 179.855832720687
1.977125124396 174.393365147791
1.962957259714 169.138501329256
1.949147642221 164.088057349061
1.935693843223 159.238727896524
1.922593071498 154.587080598691
1.909842171514 150.129552734365
1.897437624808 145.862450378962
1.885375554593 141.781949965271
1.873651733547 137.884102181752
1.862261594698 134.164838070158
1.851200245171 130.619977130736
1.840462482562 127.245237198242
1.830042813581 124.036245817246
1.819935474617 120.988552821586
1.810134453814 118.097643810733
1.800633514252 115.358954214911
1.791426217829 112.767883649973
1.782505949456 110.319810281202
1.773865941194 108.010104940343
1.765499296020 105.834144770745
1.757399010929 103.787326209459
1.749557999127 101.865077150760
1.741969111139 100.062868171320
1.734625154668 98.376222731727
1.727518913115 96.800726301230
1.720643162684 95.332034381611
1.713990688061 93.965879431645
1.707554296651 92.698076715132
1.701326831429 91.524529113294
1.695301182431 90.441230956189
1.689470296970 89.444270938264
1.683827188649 88.529834190319
1.678364945269 87.694203584613
1.672943580337 86.995754626311
1.666247558710 86.995754626311
1.659689888196 86.995754626311
1.653267710228 86.995754626311
1.646978225301 86.995754626311
1.640818691753 86.995754626311
1.634786424569 86.995754626311
1.628878794211 86.995754626311
1.623093225471 86.995754626311
1.617427196351 86.995754626311
1.611878236960 86.995754626311
1.606443928440 86.995754626311
1.601121901910 86.995754626311
1.595909837434 86.995754626311
1.590805463012 86.995754626311
1.585806553584 86.995754626311
1.580910930066 86.995754626311
1.576116458397 86.995754626311
1.571421048608 86.995754626311
1.566822653913 86.995754626311
1.562319269818 86.995754626311
1.557908933243 86.995754626311
1.553589721668 86.995754626311
1.549359752298 86.995754626311
1.545217181237 86.995754626311
1.541160202690 86.995754626311
1.537187048170 86.995754626311
1.533295985731 86.995754626311
1.529485319212 86.995754626311
1.525753387499 86.995754626311
1.522098563796 86.995754626311
1.518519254922 86.995754626311
1.515013900614 86.995754626311
1.511580972844 86.995754626311
1.508218975159 86.995754626311
1.504926442023 86.995754626311
1.501701938182 86.995754626311
1.498544058034 86.995754626311
1.495451425023 86.995754626311
1.492422691032 86.995754626311
1.489456535799 86.995754626311
1.486551666342 86.995754626311
1.483706816393 86.995754626311
1.480920745848 86.995754626311
1.478192240224 86.995754626311
1.475520110134 86.995754626311
1.472903190764 86.995754626311
1.470340341367 86.995754626311
1.467830444766 86.995754626311
1.465372406867 86.995754626311
1.462965156181 86.995754626311
1.460607643359 86.995754626311
1.458298840733 86.995754626311
1.456037741868 86.995754626311
1.453823361124 86.995754626311
1.451654733224 86.995754626311
1.449530912839 86.995754626311
1.447450974170 86.995754626311
1.445414010545 86.995754626311
1.443419134029 86.995754626311
1.441465475029 86.995754626311
1.439552181924 86.995754626311
1.437678420685 86.995754626311
1.435843374517 86.995754626311
1.434046243501 86.995754626311
1.432286244247 86.995754626311
1.430562609549 86.995754626311
1.428874588055 86.995754626311
1.427221443935 86.995754626311
1.425602456564 86.995754626311
1.424016920206 86.995754626311
1.422464143706 86.995754626311
1.417382595193 86.362681564516
1.407447987849 84.811964470019
1.396637107034 83.027926511497
1.384887975776 80.994556823737
1.372134767945 78.695509618426
1.358307220341 76.114082739236
1.343330024623 73.233205485074
1.327122204846 70.035439228039
1.309596486457 66.502994582275
1.290658663419 62.617769430015
1.270206971993 58.361413106624
1.248131482747 53.715423630966
1.224313526539 48.661287192052
1.198625175058 43.180672310839
1.170928800500 37.255695293733
1.141076738792 30.869278807324
1.108911069882 24.005631497521
1.074263495170 16.650883115053
1.036955216409 8.793915612592
0.996796573276 0.427434207196
0.953585944193 -8.450680093335
0.907107042798 -17.835709634065
0.857123338797 -27.714140721399
0.803368313830 -38.061488959316
0.745531938470 -48.840122337351
35.529277964426 150
2.321512818866 326.850000000000
2.301763416065 317.699893129476
2.282330805670 308.785222853909
2.263216855003 300.102978495401
2.244423263321 291.650254624461
2.225951565035 283.424242650750
2.207803131110 275.422221698762
2.189979168683 267.641548781321
2.172480718944 260.079648300634
2.155308653365 252.734000925404
2.138463668388 245.602131912757
2.121946278704 238.681598964950
2.105756809298 231.969979732336
2.089895386458 225.464859095135
2.074361927978 219.163816376145
2.059156132823 213.064412653834
2.044277470516 207.164178359065
2.029725170577 201.460601348247
2.015498212292 195.951115649943
2.001595315142 190.633091080307
1.988014930198 185.503823914698
1.974755232754 180.560528788192
1.961814116485 175.800331976810
1.949189189341 171.220266184445
1.936877771371 166.817266928719
1.924876894621 162.588170583421
1.913183305183 158.529714097199
1.901793467439 154.638536369310
1.890703570461 150.911181225180
1.879909536504 147.344101898738
1.869407031465 143.933666896436
1.859191477127 140.676167090741
1.849258065002 137.567823869516
1.839601771529 134.604798152653
1.830217374381 131.783200078860
1.821099469629 129.099099163345
1.812242489486 126.548534730999
1.803640720399 124.127526438831
1.795288321228 121.832084714948
1.787179341306 119.658220958474
1.779307738170 117.601957364313
1.771667394797 115.659336257761
1.764252136197 113.826428845601
1.757055745236 112.099343311815
1.750071977613 110.474232206608
1.743294575907 108.947299096640
1.736717282669 107.514804461748
1.730333852523 106.173070838776
1.724138063280 104.918487226283
1.718123726079 103.747512774884
1.712284694583 102.656679796762
1.706614873253 101.642596134728
1.701108224770 100.701946936151
1.695758776626 99.831495880458
1.690560626970 99.028085910825
1.685507949735 98.288639521491
1.680594999130 97.610158651974
1.675816113539 96.989724238570
1.671165718897 96.424495472174
1.666638331590 95.911708809707
1.662228560939 95.448676784560
1.657931111332 95.032786659567
1.653740784041 94.661498964194
1.649078418084 94.464761636213
1.643719427750 94.464761636213
1.638465623508 94.464761636213
1.633314940768 94.464761636213
1.628265355464 94.464761636213
1.623314883259 94.464761636213
1.618461578765 94.464761636213
1.613703534777 94.464761636213
1.609038881525 94.464761636213
1.604465785937 94.464761636213
1.599982450924 94.464761636213
1.595587114667 94.464761636213
1.591278049931 94.464761636213
1.587053563379 94.464761636213
1.582911994915 94.464761636213
1.578851717024 94.464761636213
1.574871134139 94.464761636213
1.570968682007 94.464761636213
1.567142827081 94.464761636213
1.563392065914 94.464761636213
1.559714924567 94.464761636213
1.556109958033 94.464761636213
1.552575749667 94.464761636213
1.549110910630 94.464761636213
1.545714079344 94.464761636213
1.542383920953 94.464761636213
1.539119126805 94.464761636213
1.535918413933 94.464761636213
1.532780524550 94.464761636213
1.529704225561 94.464761636213
1.526688308070 94.464761636213
1.523731586911 94.464761636213
1.520832900180 94.464761636213
1.517991108781 94.464761636213
1.515205095972 94.464761636213
1.512473766933 94.464761636213
1.509796048334 94.464761636213
1.507170887911 94.464761636213
1.504597254052 94.464761636213
1.502074135396 94.464761636213
1.499600540433 94.464761636213
1.497175497113 94.464761636213
1.494798052466 94.464761636213
1.492467272227 94.464761636213
1.490182240468 94.464761636213
1.487942059239 94.464761636213
1.485745848216 94.464761636213
1.483592744353 94.464761636213
1.481481901543 94.464761636213
1.479412490290 94.464761636213
1.477383697374 94.464761636213
1.475394725540 94.464761636213
1.473444793183 94.464761636213
1.471533134035 94.464761636213
1.469658996873 94.464761636213
1.467062703312 94.356693053583
1.460765823747 93.687104602407
1.453961990871 92.885836720807
1.446608777859 91.940553149518
1.438662435086 90.838666819182
1.430077681574 89.567347088295
1.420807445594 88.113519107375
1.410802560080 86.463857333131
1.400011418468 84.604775363917
1.388379596274 82.522414318204
1.375849443296 80.202631976254
1.362359650910 77.630994897597
1.347844798626 74.792775760002
1.332234884028 71.672958289853
1.315454840544 68.256252424579
1.297424048293 64.527122827893
1.278055844739 60.469834638284
1.257257044047 56.068521447054
1.234927476940 51.307282053946
1.210959566179 46.170314612107
1.185237955832 40.642099412298
1.157639213555 34.707644796505
1.128031620998 28.352814491897
1.096275052296 21.564758841417
1.062220904640 14.332476555129
1.025711972993 6.647536865417
0.986582032989 -1.495007236309
0.944654692438 -10.095488406211
0.899740797333 -19.148264807217
0.851633426850 -28.640148915891
0.800099634429 -38.548700897343
0.744869582938 -48.840557980557
40.559999999533 150
2.308009268952 326.850000000000
2.289660502255 318.383105105483
2.271601636698 310.128547010260
2.253833987766 302.083703871030
2.236358724613 294.246031973348
2.219176871488 286.613058539775
2.202289307892 279.182374051676
2.185696767474 271.951624108896
2.169399835770 264.918500863617
2.153398946825 258.080734077693
2.137694378824 251.436081866159
2.122286248821 244.982321203178
2.107174506736 238.717238279871
2.092358928741 232.638618815786
2.077839110232 226.744238436710
2.063614458557 221.031853240380
2.049684185707 215.499190678092
2.036047301175 210.143940883508
2.022702605185 204.963748579872
2.009648682504 199.956205693022
1.996883897029 195.118844789814
1.984406387338 190.449133450046
1.972214063370 185.944469664699
1.960304604375 181.602178334888
1.948675458250 177.419508924722
1.937323842340 173.393634298232
1.926246745765 169.521650746222
1.915440933269 165.800579184468
1.904902950590 162.227367480816
1.894629131290 158.798893846446
1.884615604958 155.511971206554
1.874858306683 152.363352448621
1.865352987659 149.349736432841
1.856095226779 146.467774639375
1.847080443040 143.714078321139
1.838303908601 141.085226028636
1.829760762316 138.577771374842
1.821446023566 136.188250912860
1.813354606238 133.913192006642
1.805481332673 131.749120584944
1.797820947471 129.692568680312
1.790368130997 127.740081667716
1.783117512490 125.888225130956
1.776063682689 124.133591298631
1.769201205872 122.472805004856
1.762524631278 120.902529142797
1.756028503844 119.419469590950
1.749707374233 118.020379603048
1.743555808143 116.702063662040
1.737568394878 115.461380807048
1.731739755190 114.295247449236
1.726064548414 113.200639698433
1.720537478901 112.174595226990
1.715153301784 111.214214700988
1.709906828106 110.316662811570
1.704792929344 109.479168941014
1.699806541364 108.699027499322
1.694942667851 107.973597967727
1.690196383249 107.300304685698
1.685562835261 106.676636417912
1.681037246944 106.100145737395
1.676614918456 105.568448260616
1.672291228490 105.079221769921
1.668061635454 104.630205258372
1.663921678444 104.219197931799
1.659866978064 103.844058202765
1.655893237146 103.502702711207
1.651996241443 103.193105406660
1.648171860336 102.913296727256
1.644416047644 102.661362910919
1.640724842581 102.435445474406
1.637094370950 102.233740895697
1.633520846618 102.054500534747
1.630000573354 101.896030826308
1.626529947076 101.756693776187
1.623105458544 101.634907788509
1.619723696528 101.529148845686
1.616381351448 101.437952054412
1.613075219418 101.359913559249
1.609802206625 101.293692809570
1.606559333845 101.238015144782
1.603343740867 101.191674636032
1.600152690443 101.153537088993
1.596983571281 101.122543071017
1.593833899431 101.097710776276
1.590701317243 101.078138484152
1.587583588879 101.063006299499
1.584478591136 101.051576789511
1.581384298153 101.043194053301
1.578298758330 101.037280680749
1.575220061660 101.033331982653
1.572146295521 101.030906812742
1.569075487002 101.029614264093
1.566005529911 101.029095520490
1.562934094970 101.029000191430
1.559858522134 101.028956572046
1.556775694808 101.028535459018
1.553681896683 101.027207428787
1.550572653175 101.024293845612
1.547442560874 101.018912304084
1.544285109857 101.009917699035
1.541092505153 100.995840616481
1.537855494745 100.974825199252
1.534563212192 100.944568998750
1.531203041934 100.902267517509
1.527760514635 100.844566124145
1.524219238331 100.767521752756
1.520560868885 100.666576284558
1.516765120415 100.536542787874
1.512809813329 100.371604934715
1.508670954599 100.165329012724
1.504322842428 99.910687113249
1.499738185594 99.600089393283
1.494888226857 99.225422849867
1.489742859725 98.778093844155
1.484270728689 98.249071666151
1.478439304424 97.628930704741
1.472214927269 96.907889224496
1.465562814320 96.075843283638
1.458447027345 95.122394891772
1.450830400517 94.036874046418
1.442674428345 92.808354764706
1.433939115271 91.425665617889
1.424582789147 89.877395574126
1.414561881189 88.151896164700
1.403830675255 86.237281124965
1.392341029263 84.121424745314
1.380042071548 81.791960225022
1.366879874841 79.236279381719
1.352797110615 76.441535163036
1.337732686659 73.394648568181
1.321621371217 70.082321852180
1.304393407717 66.491060292325
1.285974125357 62.607205385722
1.266283552373 58.416983160399
1.245236040969 53.906572362836
1.222739915222 49.062198673123
1.198697155627 43.870262830802
1.173003135301 38.317512651642
1.145546421605 32.391271369256
1.116208650145 26.079737475541
1.084864460621 19.372374076103
1.051381447909 12.260408333736
1.015620015682 4.737463116995
0.977432910030 -3.199657775354
0.936664047525 -11.550014597827
0.893146050644 -20.307403527539
0.846695755141 -29.459077658703
0.797107151582 -38.984384285574
0.744142532785 -48.853457814452
45.590722034639 150
2.295786104370 326.850000000000
2.278657029695 318.978321007729
2.261794041296 311.299178300522
2.245198019399 303.810256165225
2.228869716334 296.509297457302
2.212809757023 289.394097517879
2.197018638561 282.462497764451
2.181496728933 275.712378982468
2.166244264920 269.141654353595
2.151261349277 262.748262265212
2.136547947242 256.530158954558
2.122103882502 250.485311049541
2.107928832691 244.611688076232
2.094022324562 238.907255010247
2.080383728948 233.369964955166
2.067012255650 227.997752035566
2.053906948392 222.788524594805
2.041066679993 217.740158788220
2.028490147884 212.850492660593
2.016175870123 208.117320792598
2.004122182036 203.538389594324
1.992327233598 199.111393315072
1.980788987673 194.833970827586
1.969505219192 190.703703231923
1.958473515352 186.718112309797
1.947691276873 182.874659844780
1.937155720358 179.170747807785
1.926863881748 175.603719391258
1.916812620859 172.170860860081
1.906998626968 168.869404172725
1.897418425384 165.696530313254
1.888068384930 162.649373263656
1.878944726249 159.725024536993
1.870043530819 156.920538185234
1.861360750587 154.232936191311
1.852892218077 151.659214153152
1.844633656876 149.196347167785
1.836580692361 146.841295826156
1.828728862561 144.591012233648
1.821073629033 142.442445977183
1.813610387658 140.392549966949
1.806334479250 138.438286088849
1.799241199900 136.576630612385
1.792325810983 134.804579307666
1.785583548749 133.119152234127
1.779009633463 131.517398172309
1.772599278038 129.996398678379
1.766347696134 128.553271748814
1.760250109699 127.185175089801
1.754301755943 125.889308992290
1.748497893728 124.662918819221
1.742833809381 123.503297116357
1.737304821944 122.407785362213
1.731906287858 121.373775376064
1.726633605114 120.398710405756
1.721482216883 119.480085919333
1.716447614654 118.615450126200
1.711525340908 117.802404254939
1.706710991364 117.038602615861
1.702000216819 116.321752477175
1.697388724639 115.649613784197
1.692872279923 115.019998751453
1.688446706393 114.430771357837
1.684107887051 113.879846775272
1.679851764656 113.365190761470
1.675674342058 112.884819047549
1.671571682457 112.436796751289
1.667539909638 112.019237846663
1.663575208219 111.630304719966
1.659673823987 111.268207842135
1.655832064365 110.931205585647
1.652046299051 110.617604212509
1.648312960877 110.325758056994
1.644628546900 110.054069922730
1.640989619760 109.800991708151
1.637392809262 109.565025266709
1.633834814152 109.344723498323
1.630312404011 109.138691655657
1.626822421114 108.945588832646
1.623361782071 108.764129582568
1.619927478974 108.593085588556
1.616516579704 108.431287280366
1.613126226921 108.277625257240
1.609753635187 108.131051338060
1.606396085520 107.990579017001
1.603050916560 107.855283056832
1.599715511410 107.724297904398
1.596387279092 107.596814566482
1.593063629470 107.472075542634
1.589741940435 107.349367379468
1.586419516178 107.228010394129
1.583093535407 107.107345119680
1.579760988618 106.986715059366
1.576418603744 106.865445406941
1.573062760010 106.742817502578
1.569689390307 106.618038951664
1.566293873127 106.490209537255
1.562870915841 106.358283300480
1.559414431917 106.221027435489
1.555917415475 106.076978928252
1.552371817241 105.924400137035
1.548768426429 105.761234737855
1.545096763295 105.585065610065
1.541344986869 105.393076288320
1.537499821835 105.182017537716
1.533546507496 104.948180411629
1.529468770474 104.687376834404
1.525248821194 104.394928337341
1.520867372583 104.065663103628
1.516303677803 103.693920992251
1.511535582506 103.273565760672
1.506539586059 102.798003334698
1.501290905628 102.260204713502
1.495763536850 101.652731965436
1.489930305134 100.967765766851
1.483762902237 100.197133048185
1.477231903643 99.332333514364
1.470306763290 98.364564070134
1.462955783224 97.284740473491
1.455146056725 96.083515833929
1.446843384343 94.751295844139
1.438012162944 93.278250869205
1.428615248426 91.654325208928
1.418613793126 89.869243996655
1.407967059177 87.912518308372
1.396632209208 85.773449140090
1.384564075875 83.441130985526
1.371714911796 80.904455828482
1.358034121600 78.152118476337
1.343467978087 75.172624325320
1.327959324897 71.954300888431
1.311447268786 68.485314756899
1.293866865539 64.753696129525
1.275148804804 60.747373654474
1.255219100709 56.454223107656
1.233998796862 51.862134402508
1.211403696157 46.959102607572
1.187344127083 41.733350055148
1.161724758222 36.173488257765
1.134444469678 30.268730183244
1.105396281590 24.009165392398
1.074467321444 17.386112437631
1.041538777182 10.392564409555
1.006485723602 3.023743986267
0.969176616471 -4.722217248192
0.929472118931 -12.843465742360
0.887222778359 -21.333481193754
0.842264993740 -30.180023315670
0.794414946915 -39.364029066936
0.743461311897 -48.858574457763
50.621444069746 150
2.284580652219 326.850000000000
2.268524160397 319.501824752232
2.252712468227 312.328998557718
2.237146115315 305.329455184001
2.221825529421 298.501172734164
2.206751026475 291.842168529921
2.191922809935 285.350493778718
2.177340969549 279.024228051168
2.163005479550 272.861473601075
2.148916196365 266.860349566253
2.135072855893 261.018986094129
2.121475070419 255.335518441548
2.108122325279 249.808081103026
2.095013975321 244.434802025871
2.082149241297 239.213796973658
2.069527206261 234.143164101583
2.057146812082 229.220978807916
2.045006856168 224.445288924973
2.033105988515 219.814110310805
2.021442709155 215.325422898955
2.010015366110 210.977167258261
1.998822153923 206.767241707927
1.987861112844 202.693500024961
1.977130128721 198.753749771899
1.966626933656 194.945751262701
1.956349107434 191.267217174124
1.946294079768 187.715812799028
1.936459133338 184.289156927342
1.926841407625 180.984823330058
1.917437903497 177.800342811978
1.908245488521 174.733205790304
1.899260902929 171.780865348659
1.890480766188 168.940740710078
1.881901584092 166.210221067873
1.873519756298 163.586669710264
1.865331584226 161.067428373122
1.857333279230 158.649821755154
1.849520970959 156.331162131242
1.841890715816 154.108754002203
1.834438505446 151.979898722927
1.827160275149 149.941899055395
1.820051912183 147.992063598294
1.813109263845 146.127711050659
1.806328145318 144.346174272996
1.799704347187 142.644804115428
1.793233642619 141.020972988561
1.786911794135 139.472078158630
1.780734559975 137.995544754222
1.774697700009 136.588828477113
1.768796981194 135.249418014701
1.763028182555 133.974837155962
1.757387099704 132.762646616824
1.751869548878 131.610445584431
1.746471370518 130.515872992810
1.741188432397 129.476608545163
1.736016632315 128.490373500271
1.730951900370 127.554931242446
1.725990200849 126.668087656095
1.721127533752 125.827691327341
1.716359935981 125.031633596257
1.711683482235 124.277848484226
1.707094285647 123.564312521662
1.702588498193 122.889044501907
1.698162310930 122.250105187513
1.693811954098 121.645596995290
1.689533697131 121.073663686471
1.685323848628 120.532490087995
1.681178756330 120.020301870162
1.677094807134 119.535365404749
1.673068427198 119.075987725796
1.669096082165 118.640516612694
1.665174277521 118.227340811591
1.661299559103 117.834890406338
1.657468513751 117.461637343938
1.653677770065 117.106096111474
1.649923999208 116.766824551457
1.646203915661 116.442424790220
1.642514277789 116.131544239047
1.638851888015 115.832876609986
1.635213592366 115.545162867628
1.631596279056 115.267192014427
1.627996875721 114.997801580762
1.624412344825 114.735877662072
1.620839676682 114.480354315114
1.617275879465 114.230212094533
1.613717965484 113.984475481535
1.610162932969 113.742208930347
1.606607742576 113.502511238475
1.603049287797 113.264507936484
1.599484358536 113.027341396201
1.595909597199 112.790158376472
1.592321446818 112.552094766975
1.588716090953 112.312257356158
1.585089385462 112.069702541149
1.581436782580 111.823412015786
1.577753248209 111.572265615304
1.574033173796 111.315011657329
1.570270284646 111.050235290066
1.566457546972 110.776325527846
1.562587076323 110.491441807021
1.558650050266 110.193481015735
1.554636628212 109.880046023748
1.550535881147 109.548416750435
1.546335733581 109.195524752021
1.542022919487 108.817932181543
1.537582953149 108.411815782752
1.533000114985 107.972956335824
1.528257451416 107.496733698182
1.523336786957 106.978127301645
1.518218745869 106.411721702366
1.512882780103 105.791716554907
1.507307199821 105.111940213751
1.501469202634 104.365866064673
1.495344897736 103.546630657401
1.488909321366 102.647052744909
1.482136440480 101.659652422956
1.474999141990 100.576669691698
1.467469205540 99.390081913252
1.459517258314 98.091619799797
1.451112710935 96.672781722902
1.442223673940 95.124846276904
1.432816854718 93.438883151577
1.422857435057 91.605762471225
1.412308929698 89.616162841417
1.401133026425 87.460578417883
1.389289408393 85.129325384541
1.376735559515 82.612548311894
1.363426553942 79.900226977539
1.349314830964 76.982184382710
1.334349957041 73.848096908336
1.318478377303 70.487507836189
1.301643159588 66.889845829371
1.283783735094 63.044450434697
1.264835640938 58.940607249170
1.244730271218 54.567596094787
1.223394644608 49.914756380530
1.200751197637 44.971574806039
1.176717613269 39.727801681373
1.151206693241 34.173603392399
1.124126278481 28.299759896907
1.095379212335 22.097917509354
1.064863322778 15.560908454882
1.032471367260 8.683149441725
0.998090831059 1.461131296409
0.961603391719 -6.105990309175
0.922883759444 -14.015698124974
0.881797498491 -22.261315772702
0.838197404579 -30.831132247769
0.791918259498 -39.707499846727
0.742770774787 -48.865999653325
55.652166104852 150
2.274205737156 326.850000000000
2.259099811250 319.965727215500
2.244219539132 313.241743398436
2.229565196571 306.676191463724
2.215136961608 300.267248211653
2.200934914339 294.013120029526
2.186959036226 287.912038452605
2.173209208985 281.962255608075
2.159685213083 276.162039569867
2.146386725901 270.509669656197
2.133313319615 265.003431705448
2.120464458856 259.641613369420
2.107839498206 254.422499465891
2.095437679617 249.344367434736
2.083258129792 244.405482943383
2.071299857641 239.604095688098
2.059561751846 234.938435437360
2.048042578639 230.406708362357
2.036740979837 226.007093697359
2.025655471230 221.737740769476
2.014784441351 217.596766432986
2.004126150710 213.582252938275
1.993678731524 209.692246259412
1.983440187989 205.924754897744
1.973408397120 202.277749171749
1.963581110174 198.749160995940
1.953955954676 195.336884144091
1.944530437031 192.038774984596
1.935301945723 188.852653668677
1.926267755059 185.776305745527
1.917425029451 182.807484172532
1.908770828171 179.943911683558
1.900302110548 177.183283474083
1.892015741543 174.523270158715
1.883908497647 171.961520954432
1.875977073043 169.495667041695
1.868218085962 167.123325055446
1.860628085169 164.842100658710
1.853203556527 162.649592153210
1.845940929555 160.543394083714
1.838836583943 158.521100795877
1.831886855953 156.580309910858
1.825088044661 154.718625683899
1.818436417990 152.933662218225
1.811928218498 151.223046509981
1.805559668876 149.584421304275
1.799326977138 148.015447746773
1.793226341460 146.513807819497
1.787253954673 145.077206553524
1.781406008368 143.703374015149
1.775678696634 142.390067065580
1.770068219404 141.135070897588
1.764570785415 139.936200355477
1.759182614799 138.791301047493
1.753899941306 137.698250262196
1.748719014175 136.654957702482
1.743636099675 135.659366052836
1.738647482342 134.709451397048
1.733749465925 133.803223505046
1.728938374097 132.938726008681
1.724210550932 132.114036487278
1.719562361209 131.327266484494
1.714990190570 130.576561478514
1.710490445569 129.860100827830
1.706059553658 129.176097714738
1.701693963150 128.522799108196
1.697390143185 127.898485766755
1.693144583751 127.301472300769
1.688953795779 126.730107310951
1.684814311330 126.182773617383
1.680722683904 125.657888589179
1.676675488843 125.153904580018
1.672669323833 124.669309468413
1.668700809447 124.202627293838
1.664766589668 123.752418970384
1.660863332293 123.317283048365
1.656987729076 122.895856481159
1.653136495431 122.486815339388
1.649306369477 122.088875397470
1.645494110125 121.700792498718
1.641696493891 121.321362584824
1.637910310031 120.949421254333
1.634132353558 120.583842693375
1.630359415632 120.223537801469
1.626588270797 119.867451317155
1.622815660485 119.514557734124
1.619038272233 119.163855790503
1.615252714036 118.814361314162
1.611455483367 118.465098217740
1.607642930436 118.115087460759
1.603811215442 117.763333834736
1.599956259714 117.408810481924
1.596073690905 117.050441129664
1.592158782642 116.687080109445
1.588206389330 116.317490330188
1.584210877150 115.940319484741
1.580166052542 115.554074881052
1.576065089770 115.157097397338
1.571900459348 114.747535154972
1.567663859237 114.323317574669
1.563346150712 113.882130522448
1.558937300703 113.421393254848
1.554426332126 112.938237834296
1.549801283377 112.429491604835
1.545049177656 111.891663199471
1.540156002233 111.320932400944
1.535106697189 110.713144008658
1.529885152569 110.063805689032
1.524474212378 109.368089618228
1.518855683383 108.620837577961
1.513010346427 107.816569046940
1.506917967721 106.949491749367
1.500557307575 106.013514080517
1.493906124109 105.002258826553
1.486941169657 103.909077626774
1.479638177854 102.727065684481
1.471971839695 101.449076308991
1.463915767198 100.067734957711
1.455442443612 98.575452535601
1.446523159407 96.964437794139
1.437127933550 95.226708749007
1.427225419771 93.354103104512
1.416782797721 91.338287734654
1.405765649058 89.170767330361
1.394137818668 86.842892386472
1.381861261365 84.345866779280
1.368895874635 81.670755285863
1.355199318269 78.808491530738
1.340726822085 75.749887024191
1.325430983454 72.485642189602
1.309261556979 69.006360572988
1.292165239455 65.302567793798
1.274085454194 61.364737237740
1.254962139847 57.183325014902
1.234731549923 52.748817314553
1.213326070224 48.051793985628
1.190674061967 43.083012961498
1.166699738126 37.833521026727
1.141323078513 32.294797377080
1.114459784162 26.458937413924
1.086021261532 20.318885158619
1.055914608986 13.868723418883
1.024042548031 7.104031121894
0.990303195533 0.022316613399
0.954589507708 -7.376466470426
0.916788145989 -15.089318932943
0.876777441663 -23.109518328197
0.834424138759 -31.425885566592
0.789578840278 -40.022040486488
0.742070942141 -48.875724540605
60.682888139958 150
2.264523403847 326.850000000000
2.250265209559 320.379314686279
2.236215376229 314.055627520059
2.222373977842 307.877260697643
2.208741003073 301.842562545329
2.195316354956 295.949903901510
2.182099850222 290.197674408886
2.169091218322 284.584278737401
2.156290100184 279.108132761402
2.143696046738 273.767659717212
2.131308517257 268.561286369751
2.119126877557 263.487439218973
2.107150398100 258.544540778606
2.095378252075 253.731005960889
2.083809513477 249.045238601650
2.072443155267 244.485628160127
2.061278047650 240.050546627251
2.050312956533 235.738345674798
2.039546542207 231.547354075743
2.028977358296 227.475875423431
2.018603851037 223.522186173771
2.008424358900 219.684534030682
1.998437112600 215.961136690525
1.988640235526 212.350180956369
1.979031744587 208.849822227726
1.969609551512 205.458184366077
1.960371464591 202.173359931125
1.951315190850 198.993410777434
1.942438338661 195.916368996128
1.933738420761 192.940238181645
1.925212857652 190.062994999369
1.916858981353 187.282591026345
1.908674039473 184.596954834299
1.900655199555 182.003994281881
1.892799553649 179.501598981462
1.885104123074 177.087642904922
1.877565863309 174.759987092692
1.870181668980 172.516482430779
1.862948378876 170.354972461575
1.855862780963 168.273296195878
1.848921617342 166.269290895634
1.842121589110 164.340794799410
1.835459361086 162.485649765369
1.828931566364 160.701703809566
1.822534810662 158.986813520549
1.816265676442 157.338846334513
1.810120726769 155.755682658536
1.804096508902 154.235217832669
1.798189557596 152.775363924825
1.792396398105 151.374051355434
1.786713548882 150.029230351772
1.781137523980 148.738872234524
1.775664835152 147.500970541744
1.770291993666 146.313541997670
1.765015511830 145.174627335986
1.759831904275 144.082291989069
1.754737688980 143.034626656429
1.749729388092 142.029747767066
1.744803528548 141.065797851728
1.739956642541 140.140945842058
1.735185267857 139.253387314414
1.730485948112 138.401344696606
1.725855232937 137.583067455977
1.721289678125 136.796832287058
1.716785845796 136.040943316402
1.712340304597 135.313732341112
1.707949629959 134.613559115887
1.703610404456 133.938811701098
1.699319218251 133.287906881266
1.695072669649 132.659290659344
1.690867365746 132.051438827222
1.686699923131 131.462857606730
1.682566968618 130.892084348122
1.678465139907 130.337688264316
1.674391086104 129.798271169134
1.670341467942 129.272468176354
1.666312957554 128.758948303515
1.662302237582 128.256414910455
1.658305999381 127.763605887476
1.654320940032 127.279293492436
1.650343757824 126.802283720354
1.646371145849 126.331415074036
1.642399783310 125.865556590701
1.638426324107 125.403604968686
1.634447382285 124.944480631308
1.630459513903 124.487122563281
1.626459194933 124.030481760227
1.622442794838 123.573513145226
1.618406545560 123.115165829319
1.614346505773 122.654371626490
1.610258520363 122.190031778250
1.606138175309 121.721001898494
1.601980748292 121.246075214559
1.597781155587 120.763964253403
1.593533895996 120.273281199320
1.589232992781 119.772517227432
1.584871934721 119.260021190328
1.580443617569 118.733978098160
1.575940287231 118.192387879710
1.571353486005 117.633044938251
1.566674003138 117.053519017905
1.561891830783 116.451137871033
1.556996126204 115.822972165428
1.551975180762 115.165822993542
1.546816395856 114.476212249597
1.541506265607 113.750376030365
1.536030365683 112.984261099414
1.530373347300 112.173524340838
1.524518935138 111.313535024593
1.518449927647 110.399379618038
1.512148198069 109.425868811839
1.505594694410 108.387546385361
1.498769436607 107.278699517461
1.491651509189 106.093370151081
1.484219047869 104.825367040932
1.476449218661 103.468278148291
1.468318188306 102.015483090589
1.459801084982 100.460165401696
1.450871948464 98.795324407635
1.441503669063 97.013786570005
1.431667914848 95.108216194603
1.421335046772 93.071125447255
1.410474021466 90.894883665547
1.399052281602 88.571726008829
1.387035633878 86.093761555959
1.374388114858 83.452981047497
1.361071845175 80.641264584383
1.347046872915 77.650389745452
1.332271007415 74.472040778164
1.316699645257 71.097819755856
1.300285590861 67.519260884524
1.282978874840 63.727849485419
1.264726574097 59.715047578112
1.245472638529 55.472328443757
1.225157730021 50.991223061243
1.203719080003 46.263381880876
1.181090371969 41.280656030253
1.157201654484 36.035202729275
1.131979287638 30.519620407756
1.105345920406 24.727119730431
1.077220486248 18.651737362830
1.047518187122 12.288599719732
1.016150408799 5.634243896118
0.983024470174 -1.312997874791
0.948043054961 -8.552546110865
0.911103111297 -16.081054571518
0.872093955584 -23.891831238877
0.830894341361 -31.974219982622
0.787368491178 -40.312981706961
0.741361834740 -48.887740227017
65.713610175065 150
2.255429130842 326.850000000000
2.241930955625 320.749927116780
2.228625475277 314.785056568121
2.215512611773 308.953866825446
2.202592212627 303.254856651901
2.189864050508 297.686542042186
2.177327822609 292.247453106392
2.164983149794 286.936130915471
2.152829575555 281.751124327922
2.140866564803 276.690986819106
2.129093502537 271.754273336203
2.117509692424 266.939537203086
2.106114355331 262.245327100440
2.094906627844 257.670184146950
2.083885560823 253.212639107612
2.073050118020 248.871209754872
2.062399174819 244.644398407504
2.051931517116 240.530689670866
2.041645840389 236.528548400381
2.031540748989 232.636417907806
2.021614755681 228.852718427211
2.011866281455 225.175845854439
2.002293655644 221.604170770475
1.992895116353 218.136037755427
1.983668811213 214.769764996026
1.974612798468 211.503644185628
1.965725048398 208.335940711787
1.957003445068 205.264894122693
1.948445788390 202.288718860122
1.940049796494 199.405605243251
1.931813108375 196.613720684677
1.923733286795 193.911211117398
1.915807821421 191.296202609387
1.908034132148 188.766803140734
1.900409572592 186.321104517208
1.892931433711 183.957184393430
1.885596947510 181.673108378730
1.878403290805 179.466932199075
1.871347589001 177.336703889269
1.864426919853 175.280465990760
1.857638317172 173.296257731964
1.850978774450 171.382117169813
1.844445248363 169.536083273361
1.838034662146 167.756197932504
1.831743908789 166.040507877341
1.825569854060 164.387066496173
1.819509339322 162.793935542708
1.813559184140 161.259186725593
1.807716188669 159.780903175922
1.801977135808 158.357180790810
1.796338793143 156.986129453521
1.790797914653 155.665874132838
1.785351242215 154.394555866535
1.779995506895 153.170332635723
1.774727430059 151.991380138653
1.769543724312 150.855892474183
1.764441094284 149.762082746490
1.759416237299 148.708183603829
1.754465843939 147.692447725080
1.749586598544 146.713148268493
1.744775179666 145.768579297459
1.740028260513 144.857056198153
1.735342509417 143.976916103584
1.730714590332 143.126518337804
1.726141163418 142.304244892785
1.721618885697 141.508500948624
1.717144411824 140.737715445280
1.712714394948 139.990341710860
1.708325487690 139.264858147485
1.703974343185 138.559768970881
1.699657616177 137.873604994059
1.695371964104 137.204924438599
1.691114048095 136.552313749169
1.686880533789 135.914388378070
1.682668091832 135.289793496616
1.678473397920 134.677204579438
1.674293132172 134.075327796249
1.670123977638 133.482900133723
1.665962617677 132.898689158081
1.661805731927 132.321492317442
1.657649990562 131.750135672432
1.653492046506 131.183471934758
1.649328525264 130.620377687320
1.645156012032 130.059749656844
1.640971035754 129.500499911973
1.636770049833 128.941549867290
1.632549409236 128.381822987753
1.628305343819 127.820236109215
1.624033927770 127.255689319610
1.619731045189 126.687054381996
1.615392351953 126.113161724643
1.611013234135 125.532786073494
1.606588763425 124.944630857215
1.602113650136 124.347311571975
1.597582194499 123.739338349413
1.592988237122 123.119098023387
1.588325109514 122.484836035433
1.583585585679 121.834638551890
1.578761835752 121.166415184207
1.573845382597 120.477882705597
1.568827062204 119.766550140753
1.563696988521 119.029705570677
1.558444523172 118.264404943324
1.553058250264 117.467463115445
1.547525956212 116.635447275718
1.541834614258 115.764672818660
1.535970373077 114.851201658005
1.529918548658 113.890842892235
1.523663618440 112.879155667797
1.517189216546 111.811454030816
1.510478128855 110.682813517600
1.503512286635 109.488079208640
1.496272757446 108.221874959601
1.488739732082 106.878613524147
1.480892506396 105.452507295035
1.472709456971 103.937579408967
1.464168009679 102.327674984597
1.455244600320 100.616472289586
1.445914626626 98.797493660500
1.436152391031 96.864116028376
1.425931033714 94.809580933925
1.415222455510 92.627003952047
1.403997230446 90.309383489020
1.392224507726 87.849608972055
1.379871903234 85.240468524877
1.366905380778 82.474656320092
1.353289123631 79.544779924461
1.338985397237 76.443368111026
1.323954404419 73.162879805929
1.308154134929 69.695715069561
1.291540211777 66.034229282448
1.274065737468 62.170752016090
1.255681143956 58.097612417305
1.236334050810 53.807173321303
1.215969136655 49.291876733474
1.194528029214 44.544303782049
1.171949218981 39.557252740963
1.148168000265 34.323839246124
1.123116440327 28.837623359748
1.096723371600 23.092768637225
1.068914392050 17.084238746932
1.039611842606 10.808037362880
1.008734706171 4.261496795380
0.976198337917 -2.556380156982
0.941913891882 -9.644522806269
0.905787260423 -16.999341254434
0.867717312049 -24.614229382937
0.827593251913 -32.479040676544
0.785291153368 -40.579570562278
0.740670355540 -48.897100000176
70.744332210171 150
2.246841879694 326.850000000000
2.234031862136 321.085136814500
2.221400211415 315.444886890817
2.208946737156 309.927867718017
2.196671183972 304.532712578798
2.184573231047 299.258067945285
2.172652491534 294.102590841286
2.160908511786 289.064946185891
2.149340770447 284.143804134651
2.137948677434 279.337837435807
2.126731572829 274.645718820077
2.115688725709 270.066118443238
2.104819332962 265.597701401341
2.094122518097 261.239125338534
2.083597330094 256.989038167397
2.073242742316 252.846075921233
2.063057651522 248.808860756934
2.053040876995 244.875999125868
2.043191159833 241.046080128732
2.033507162402 237.317674068453
2.023987467992 233.689331213094
2.014630580688 230.159580778289
2.005434925468 226.726930136153
1.996398848544 223.389864254808
1.987520617948 220.146845369811
1.978798424373 216.996312885863
1.970230382259 213.936683504285
1.961814531128 210.966351568986
1.953548837149 208.083689621009
1.945431194931 205.287049149301
1.937459429519 202.574761523223
1.929631298575 199.945139090439
1.921944494727 197.396476422287
1.914396648055 194.927051687575
1.906985328697 192.535128134935
1.899708049535 190.218955663425
1.892562268948 187.976772461020
1.885545393596 185.806806690889
1.878654781202 183.707278205993
1.871887743329 181.676400273427
1.865241548095 179.712381291141
1.858713422828 177.813426481068
1.852300556631 175.977739544310
1.846000102839 174.203524265823
1.839809181348 172.488986057915
1.833724880814 170.832333433851
1.827744260699 169.231779404920
1.821864353177 167.685542796304
1.816082164870 166.191849479177
1.810394678443 164.748933518406
1.804798854042 163.355038237165
1.799291630589 162.008417201574
1.793869926951 160.707335130217
1.788530642983 159.450068734918
1.783270660475 158.234907500601
1.778086844015 157.060154413261
1.772976041786 155.924126646100
1.767935086331 154.825156214653
1.762960795299 153.761590612276
1.758049972200 152.731793437522
1.753199407195 151.734145024891
1.748405877944 150.767043089847
1.743666150523 149.828903398147
1.738976980443 148.918160468029
1.734335113767 148.033268311919
1.729737288334 147.172701221737
1.725180235089 146.334954598683
1.720660679508 145.518545824502
1.716175343072 144.722015166558
1.711720944774 143.943926703608
1.707294202579 143.182869252959
1.702891834770 142.437457272618
1.698510561074 141.706331704295
1.694147103455 140.988160714685
1.689798186411 140.281640283436
1.685460536625 139.585494576967
1.681130881752 138.898476037883
1.676805948137 138.219365110681
1.672482457215 137.546969516046
1.668157120336 136.880122978886
1.663826631737 136.217683309926
1.659487659400 135.558529737739
1.655136833505 134.901559388382
1.650770732238 134.245682813891
1.646385864720 133.589818479423
1.641978650864 132.932886132539
1.637545398053 132.273798997172
1.633082274565 131.611454759579
1.628585279785 130.944725343815
1.624050211336 130.272445509460
1.619472629362 129.593400343732
1.614847818321 128.906311762143
1.610170746737 128.209824174971
1.605436025477 127.502489518752
1.600637865214 126.782751890457
1.595770033764 126.048932054507
1.590825814071 125.299212116934
1.585797963577 124.531620674705
1.580678675688 123.744018750062
1.575459543990 122.934086808659
1.570131529720 122.099313136530
1.564684932888 121.236983815139
1.559109367258 120.344174487979
1.553393739201 119.417744058635
1.547526230250 118.454330402165
1.541494283006 117.450348112197
1.535284589830 116.401988248708
1.528883083660 115.305219998732
1.522274930108 114.155794116916
1.515444519952 112.949247976107
1.508375461050 111.680912031119
1.501050568697 110.345917481251
1.493451853453 108.939204908304
1.485560505479 107.455533665511
1.477356874514 105.889491797553
1.468820444627 104.235506280933
1.459929802998 102.487853386445
1.450662602023 100.640668980517
1.440995514134 98.687958599764
1.430904178763 96.623607154325
1.420363141021 94.441388141959
1.409345781693 92.134972289351
1.397824238311 89.697935582873
1.385769317203 87.123766711907
1.373150396574 84.405874027807
1.359935320948 81.537592224186
1.346090287572 78.512189072646
1.331579725735 75.322872704443
1.316366170403 71.962800113952
1.300410132027 68.425087774486
1.283669964936 64.702825499933
1.266101737309 60.789094955934
1.247659106249 56.676994520425
1.228293202030 52.359672514403
1.207952525873 47.830371168802
1.186582865650 43.082484061131
1.164127233316 38.109630142189
1.140525826283 32.905747870083
1.115716011776 27.465213356300
1.089632327549 21.782986770177
1.062206482937 15.854791479044
1.033367329661 9.677330415466
1.003040750336 3.248543794480
0.971149383267 -3.432088695058
0.937612065722 -10.363200086017
0.902342841017 -17.541145037069
0.865249355871 -24.959573342990
0.826230517770 -32.608984417323
0.785173480561 -40.476291313807
0.741950565302 -48.544439487533
75.775054245277 150
2.238697571264 326.850000000000
2.226502566658 321.384762152539
2.214473096499 316.034798722902
2.202608888445 310.798848380387
2.190909613054 305.675662077030
2.179374883322 300.664000803048
2.168004254090 295.762633323388
2.156797221317 290.970333907964
2.145753221255 286.285880069151
2.134871629533 281.708050320912
2.124151760186 277.235621974585
2.113592864647 272.867368986813
2.103194130717 268.602059875340
2.092954681553 264.438455718387
2.082873574689 260.375308253092
2.072949801112 256.411358087947
2.063182284417 252.545333043444
2.053569880070 248.775946634042
2.044111374782 245.101896703324
2.034805486031 241.521864222698
2.025650861735 238.034512262219
2.016646080092 234.638485140284
2.007789649598 231.332407756859
1.999080009254 228.114885112777
1.990515528957 224.984502015464
1.982094510089 221.939822969254
1.973815186288 218.979392246265
1.965675724410 216.101734131797
1.957674225665 213.305353336187
1.949808726915 210.588735563355
1.942077202135 207.950348224643
1.934477564001 205.388641285221
1.927007665609 202.902048229259
1.919665302291 200.488987129196
1.912448213514 198.147861803935
1.905354084851 195.877063050512
1.898380549982 193.674969933770
1.891525192730 191.539951118893
1.884785549094 189.470366232153
1.878159109271 187.464567235971
1.871643319641 185.520899805403
1.865235584711 183.637704694253
1.858933268992 181.813319080376
1.852733698807 180.046077881122
1.846634164014 178.334315031411
1.840631919644 176.676364718529
1.834724187447 175.070562569356
1.828908157342 173.515246787382
1.823180988777 172.008759238490
1.817539812008 170.549446486063
1.811981729295 169.135660777491
1.806503816026 167.765760985567
1.801103121793 166.438113509545
1.795776671423 165.151093141815
1.790521465982 163.903083907097
1.785334483779 162.692479881855
1.780212681378 161.517686002172
1.775152994640 160.377118868618
1.770152339824 159.269207556642
1.765207614751 158.192394440653
1.760315700053 157.145136039278
1.755473460526 156.125903888122
1.750677746579 155.133185444804
1.745925395801 154.165485028938
1.741213234632 153.221324797139
1.736538080116 152.299245749905
1.731896741735 151.397808763471
1.727286023265 150.515595635268
1.722702724627 149.651210126611
1.718143643644 148.803278980533
1.713605577647 147.970452886473
1.709085324816 147.151407356771
1.704579685135 146.344843472770
1.700085460836 145.549488450954
1.695599456153 144.764095972126
1.691118476233 143.987446209384
1.686639324980 143.218345483999
1.682158801650 142.455625472451
1.677673695947 141.698141883441
1.673180781424 140.944772520918
1.668676806933 140.194414648763
1.664158485924 139.445981575053
1.659622483393 138.698398379421
1.655065400296 137.950596716231
1.650483755302 137.201508639544
1.645873963809 136.450059413231
1.641232314184 135.695159291217
1.636554941293 134.935694278315
1.631837797426 134.170515911074
1.627076620856 133.398430129694
1.622266902303 132.618185345128
1.617403849691 131.828459838876
1.612482351663 131.027848664935
1.607496940358 130.214850252217
1.602441754026 129.387852929842
1.597310500071 128.545121615331
1.592096419111 127.684784915544
1.586792250626 126.804822891125
1.581390200689 125.903055726816
1.575881912219 124.977133532245
1.570258438079 124.024527471264
1.564510217195 123.042522383988
1.558627053775 122.028211025775
1.552598099525 120.978490003849
1.546411838637 119.890057446998
1.540056075173 118.759412399300
1.533517922368 117.582855886892
1.526783793236 116.356493569283
1.519839391834 115.076239854730
1.512669704420 113.737823333427
1.505258989758 112.336793362895
1.497590767777 110.868527626755
1.489647805815 109.328240480207
1.481412101675 107.710991892482
1.472864862772 106.011696797191
1.463986480686 104.225134665459
1.454756500448 102.345959123613
1.445153583991 100.368707447322
1.435155467186 98.287809778232
1.424738910008 96.097597928947
1.413879639409 93.792313669556
1.402552284595 91.366116426610
1.390730304515 88.813090376177
1.378385907540 86.127250979403
1.365489963498 83.302551094559
1.352011908470 80.332886905916
1.337919643082 77.212104038582
1.323179425339 73.934004379989
1.307755759466 70.492354302879
1.291611282680 66.880895180140
1.274706652241 63.093357297249
1.257000435658 59.123478501603
1.238449007303 54.965029178188
1.219006455056 50.611845406693
1.198624500716 46.057872435162
1.177252437636 41.297220897561
1.154837088231 36.324238502875
1.131322782092 31.133600221308
1.106651352047 25.720420269161
1.080762139790 20.080389412244
1.053591993575 14.209941208156
1.025075226946 8.106450695400
0.995143488134 1.768468567622
0.963725464422 -4.804007165046
0.930746315995 -11.609221922378
0.896126706439 -18.643320753627
0.859781289890 -25.899977939817
0.821616567261 -33.370015194020
0.781528216373 -41.041033846655
0.739398487549 -48.897100000173
80.805776280384 150
2.230944668126 326.850000000000
2.219310774283 321.657764614526
2.207830632310 316.572355234462
2.196503911559 311.592619533592
2.185330230961 306.717414604437
2.174309158520 301.945605004333
2.163440210702 297.276060792241
2.152722851717 292.707655566967
2.142156492731 288.239264518167
2.131740491004 283.869762502040
2.121474148992 279.598022154010
2.111356713417 275.422912050961
2.101387374332 271.343294935637
2.091565264198 267.358026015705
2.081889456993 263.465951349671
2.072358967361 259.665906331314
2.062972749842 255.956714283611
2.053729698168 252.337185172196
2.044628644670 248.806114447335
2.035668359785 245.362282022164
2.026847551695 242.004451393493
2.018164866086 238.731368910042
2.009618886057 235.541763191324
2.001208132170 232.434344698751
1.992931062641 229.407805458857
1.984786073689 226.460818936860
1.976771500024 223.592040057148
1.968885615475 220.800105365732
1.961126633764 218.083633328240
1.953492709394 215.441224755748
1.945981938665 212.871463349561
1.938592360791 210.372916355112
1.931321959116 207.944135314353
1.924168662403 205.583656905477
1.917130346196 203.290003858412
1.910204834232 201.061685934446
1.903389899893 198.897200958384
1.896683267677 196.795035891915
1.890082614686 194.753667937364
1.883585572110 192.771565661622
1.877189726699 190.847190130887
1.870892622216 188.978996047761
1.864691760855 187.165432883342
1.858584604632 185.404945998082
1.852568576735 183.695977746425
1.846641062826 182.036968561506
1.840799412319 180.426358017469
1.835040939606 178.862585868259
1.829362925264 177.344093063000
1.823762617231 175.869322739237
1.818237231971 174.436721196483
1.812783955631 173.044738853445
1.807399945218 171.691831193264
1.802082329784 170.376459701708
1.796828211661 169.097092803864
1.791634667743 167.852206805095
1.786498750837 166.640286842134
1.781417491092 165.459827849897
1.776387897522 164.309335549058
1.771406959632 163.187327458559
1.766471649142 162.092333935867
1.761578921832 161.022899246167
1.756725719472 159.977582659492
1.751908971856 158.954959572175
1.747125598895 157.953622645958
1.742372512747 156.972182954407
1.737646619949 156.009271122291
1.732944823484 155.063538438922
1.728264024722 154.133657921468
1.723601125153 153.218325298866
1.718953027810 152.316259881222
1.714316638271 151.426205273712
1.709688865111 150.546929888109
1.705066619649 149.677227199276
1.700446814847 148.815915688640
1.695826363174 147.961838411945
1.691202173260 147.113862124883
1.686571145153 146.270875897758
1.681930163984 145.431789149605
1.677276091867 144.595529033448
1.672605757846 143.761037108029
1.667915945749 142.927265237715
1.663203379809 142.093170671579
1.658464707962 141.257710265120
1.653696482778 140.419833823705
1.648895140011 139.578476565516
1.644056974848 138.732550723324
1.639178115948 137.880936328200
1.634254497495 137.022471243842
1.629281829486 136.155940546405
1.624255566597 135.280065370815
1.619170875984 134.393491369109
1.614022604457 133.494776948308
1.608805245474 132.582381473358
1.603512906437 131.654653633677
1.598139276765 130.709820178884
1.592677597193 129.745975229611
1.587120630717 128.761070362641
1.581460635532 127.752905655972
1.575689340234 126.719121859289
1.569797921466 125.657193829409
1.563776984087 124.564425339970
1.557616543819 123.437945341088
1.551306012229 122.274705709616
1.544834183794 121.071480495473
1.538189224697 119.824866635739
1.531358662913 118.531286076992
1.524329379080 117.186989218659
1.517087597576 115.788059566552
1.509618877220 114.330419466459
1.501908100937 112.809836772663
1.493939463765 111.221932295241
1.485696458558 109.562187862615
1.477161858745 107.825954831579
1.468317697536 106.008462875809
1.459145242988 104.104828885506
1.449624968360 102.110065815839
1.439736517241 100.019091330841
1.429458662978 97.826736103853
1.418769261977 95.527751656866
1.407645200556 93.116817651499
1.396062335102 90.588548585804
1.383995425436 87.937499906006
1.371418061443 85.158173612573
1.358302583237 82.245023527346
1.344619995367 79.192460493715
1.330339875870 75.994857905385
1.315430281295 72.646558100540
1.299857649197 69.141880316057
1.283586699970 65.475131069279
1.266580340306 61.640618020771
1.248799570911 57.632668568930
1.230203401439 53.445654634724
1.210748775771 49.074025311191
1.190390510735 44.512349276229
1.169081250893 39.755369096437
1.146771441006 34.798069779238
1.123409315746 29.635764149691
1.098940902760 24.264197818380
1.073310029642 18.679676633588
1.046458316836 12.879219521389
1.018325126197 6.860739427521
0.988847417983 0.623254562993
0.957959447569 -5.832868853257
0.925592209206 -12.505642904763
0.891672514295 -19.391156681183
0.856121592111 -26.483254939202
0.818853155556 -33.773210383258
0.779771050718 -41.249411637626
0.738767032099 -48.897100000179
